76,1
76,3
73,1
73,3
75,1
75,3
74,1
74,3
79,49
79,48
79,47
79,46
79,45
79,44
79,43
79,42
79,41
79,40
79,39
79,38
79,37
79,36
79,35
3,2
3,1
3,3
10,147
10,173
10,129
10,223
10,249
10,284
10,120
10,1
10,20
10,2
10,3
11,15
11,13
11,11
11,16
11,4
11,12
11,1
11,7
11,2
11,3
9,5
9,1
9,7
9,2
9,3
8,16
8,8
8,17
8,18
8,5
8,12
8,1
8,9
8,2
8,3
12,2
12,1
12,3
20,2
20,1
20,3
19,2
19,1
19,3
18,1
18,3
2,2
2,1
2,3
0,0
13,1
13,3
0,270
0,273
14,1
14,3
0,9
79,34
79,33
79,32
79,31
79,30
79,29
79,28
79,27
79,26
79,25
79,24
79,23
79,22
79,21
